10 4 9 7 
6 10 2 0 
4 9 2 -3 
8 1 1 14 
6 5 10 -3 
1 4 5 -7 
9 4 7 7 
4 10 10 -12 
5 1 6 3 
9 1 8 9 
4 10 8 -10 
1 4 10 -12 
5 8 8 -6 
4 10 3 -5 
9 7 3 8 
9 3 5 10 
9 6 0 12 
9 0 3 15 
8 6 9 1 
2 9 8 -13 
10 4 6 10 
6 7 9 -4 
9 8 4 6 
7 4 10 0 
6 9 0 3 
6 4 5 3 
4 5 7 -4 
4 10 7 -9 
6 0 2 10 
10 6 0 14 
1 10 6 -14 
8 7 7 2 
1 1 10 -9 
4 5 4 -1 
3 1 2 3 
5 1 6 3 
7 2 7 5 
9 6 1 11 
8 1 10 5 
4 6 5 -3 
2 2 7 -5 
1 8 2 -8 
7 0 9 5 
8 0 1 15 
10 4 5 11 
4 9 5 -6 
8 6 1 9 
6 0 0 12 
10 9 9 2 
5 1 4 5 
3 6 9 -9 
2 9 10 -15 
8 5 0 11 
1 0 5 -3 
5 8 1 1 
5 6 6 -2 
10 7 3 10 
6 1 9 2 
3 6 10 -10 
7 8 1 5 
8 0 0 16 
9 4 1 13 
10 8 2 10 
7 7 4 3 
4 2 4 2 
3 3 3 0 
3 5 1 0 
9 4 1 13 
0 8 2 -10 
9 7 7 4 
7 7 2 5 
3 6 1 -1 
8 0 7 9 
3 5 2 -1 
10 4 9 7 
0 3 1 -4 
10 8 0 12 
8 8 3 5 
9 9 0 9 
5 10 1 -1 
9 1 0 17 
9 1 3 14 
6 7 6 -1 
9 5 2 11 
10 6 4 10 
9 1 9 8 
0 10 8 -18 
6 2 0 10 
1 10 0 -8 
9 10 4 4 
2 4 4 -4 
5 9 7 -6 
1 10 3 -11 
10 2 10 8 
6 4 8 0 
4 10 10 -12 
4 8 9 -9 
5 3 7 0 
1 4 9 -11 
4 6 0 2 
