75 62 10 643 
84 80 1 85 
67 1 92 250 
97 17 100 1880 
35 46 58 2715 
7 84 11 858 
43 15 23 396 
30 4 13 91 
81 45 49 2290 
35 69 21 1436 
75 37 23 912 
35 89 52 4626 
82 19 68 1423 
67 39 15 628 
33 79 16 1234 
10 30 41 1251 
3 12 6 69 
0 6 79 547 
81 19 96 1982 
56 4 81 457 
58 14 88 1364 
23 24 82 2049 
20 52 17 869 
15 68 6 361 
91 16 54 993 
71 8 82 801 
42 71 79 5659 
96 68 70 4858 
49 72 63 4576 
15 40 11 426 
34 31 58 1859 
48 4 58 334 
80 25 45 1225 
14 65 13 807 
17 74 93 6918 
90 100 12 1202 
100 97 57 5589 
74 31 63 2059 
48 82 89 7353 
6 24 15 357 
45 2 79 280 
63 46 88 4153 
26 72 40 2874 
73 88 48 4257 
25 4 40 221 
18 19 83 1659 
67 84 91 7718 
20 61 62 3803 
49 35 36 1310 
32 30 80 2482 
54 75 83 6287 
55 39 40 1616 
13 87 13 1070 
78 52 20 1086 
76 30 1 77 
59 51 72 3752 
8 60 11 619 
18 73 8 537 
22 19 19 383 
69 43 7 334 
44 97 5 437 
33 11 53 658 
9 38 31 1180 
16 66 89 5913 
83 35 71 2604 
100 84 13 1121 
49 1 9 66 
68 89 27 2409 
36 80 79 6355 
42 57 19 1087 
80 85 10 855 
3 0 70 73 
70 81 92 7533 
84 62 70 4432 
86 93 23 2155 
54 25 16 445 
41 69 8 532 
36 59 52 3097 
55 35 95 3440 
2 38 56 2148 
88 97 34 3323 
90 1 81 251 
91 5 54 410 
63 31 12 416 
67 24 37 968 
17 19 90 1798 
67 22 85 2000 
32 69 77 5353 
80 84 6 506 
19 6 61 440 
91 84 57 4852 
17 27 56 1558 
39 31 46 1480 
8 32 73 2385 
16 39 57 2257 
8 51 7 321 
99 13 94 1402 
54 15 95 1559 
87 0 97 184 
40 58 52 3050 
